first_name,last_name,phone,
Aurilia,Tuison,55-(561)402-3418,
Margy,Andrejs,63-(128)912-4512,
Wain,Row,255-(336)138-9654,
Jennee,Deverille,1-(915)787-8007,
Celesta,Thoresbie,355-(459)453-7681,
Kati,Dispencer,30-(655)932-5420,
Dean,Placido,20-(579)869-3040,
Michel,Bowmaker,48-(613)519-0810,
Kiersten,Bettis,855-(174)812-6501,
Lincoln,Remirez,62-(823)891-7331,
Kirby,Hurling,86-(295)312-9268,
Papageno,Wheeler,86-(884)616-2923,
Wyatan,Hurtado,55-(147)187-9765,
Margeaux,Boch,7-(143)933-8620,
Alfy,Netti,86-(930)266-3466,
Lark,Berresford,370-(658)396-7405,
Minny,Luckman,30-(430)860-5636,
Justine,Eaglesham,54-(632)255-9796,
Philis,Haysom,32-(646)711-2298,
Marybelle,Stoade,380-(270)815-6482,
Tricia,Crafts,998-(475)545-8763,
Miltie,Gomer,7-(566)974-8225,
Glen,Greenman,358-(953)947-9192,
Marysa,Fassmann,93-(607)787-6284,
Griswold,Arens,380-(615)756-6071,
Alyce,Orsi,374-(977)108-0557,
Nathalia,Cadalleder,420-(638)804-5601,
Alix,Radbond,33-(947)934-5897,
Ripley,Dignum,55-(435)880-7566,
Berti,Korpal,1-(713)825-9748,
Reginald,Rogister,387-(536)654-4229,
Duncan,Stocks,62-(809)695-4990,
Andeee,Boler,355-(495)200-5601,
Ranice,Collelton,63-(611)865-3861,
Tamarra,Noquet,61-(242)839-9285,
Bengt,Sier,86-(393)885-8932,
Terencio,Christophe,7-(147)402-7157,
Bud,Jerdan,1-(805)702-4911,
Fiann,Emm,86-(952)129-1150,
Lizette,Vearnals,690-(482)907-7858,
Elroy,MacKeever,63-(609)163-8213,
Quent,Emig,234-(543)688-5815,
Leighton,Pettecrew,36-(681)694-3176,
Gregg,Perocci,591-(628)728-2452,
Yolande,Langthorn,7-(137)418-9157,
Shaun,Cullivan,352-(996)996-3438,
Susan,Hutcheson,86-(294)400-6400,
Ailee,Burlay,251-(613)658-0906,
Ann-marie,Rodder,62-(433)314-2472,
Madeleine,Dows,48-(183)449-0323,
Holt,Upsale,86-(954)430-8339,
Traver,Elstone,387-(208)436-3685,
Rowan,Pitt,7-(518)955-4228,
Nerte,Sand,49-(445)489-6139,
Petey,Graysmark,234-(815)508-3635,
Elsey,Blaycock,506-(167)570-5871,
Wat,Creamen,86-(757)426-7974,
Ruprecht,Kleisel,86-(249)738-1547,
Correy,Dawltrey,86-(326)119-9162,
Tony,Hrihorovich,55-(397)847-3354,
Ericka,Moukes,7-(471)367-1923,
Carol,Bartoleyn,86-(734)440-2648,
Marcellus,Pawlyn,687-(911)431-1769,
Forrester,Claybourn,63-(947)642-9603,
Staci,Renner,86-(934)945-6558,
Warren,Baumadier,54-(322)303-8622,
Lorilee,Moulding,81-(715)300-1746,
Alfons,Hearnaman,62-(169)722-2372,
Stevy,Mangin,51-(349)676-5944,
Zechariah,Showler,82-(389)147-3584,
Eldridge,Server,351-(118)250-7264,
Dana,Kenneford,55-(650)524-8522,
Gan,Becks,62-(846)837-7262,
Devina,Aspray,967-(952)846-8950,
Ginger,McLaughlin,86-(923)423-3111,
Tabina,Larroway,86-(847)910-7106,
Kaela,Bidder,7-(193)895-0222,
Kimmie,Lunn,63-(776)300-7319,
Danell,Bramham,55-(215)401-8674,
Homere,Ricson,92-(910)567-0806,
Iago,Reolfi,216-(174)169-3695,
Moore,Broun,7-(325)248-4596,
Gabrila,Glandon,20-(758)544-1748,
Delilah,Raisher,66-(122)693-8686,
Vance,Tarbath,62-(223)225-8095,
Hadria,Eldredge,7-(510)941-5048,
Shanna,Rosenfelder,359-(193)616-4577,
Sheree,Fernanando,7-(754)213-4556,
Worthington,Whittuck,48-(259)884-8322,
Odille,Thomsen,62-(244)718-4212,
Shaw,Manilo,216-(405)190-8986,
Gayle,Jehu,53-(466)743-6639,
Jacquetta,MacBrearty,251-(877)303-7848,
Carmela,McCarthy,62-(174)715-2341,
Torrence,McGarvey,86-(759)650-9097,
Kristo,MacFarlan,63-(115)237-0631,
Kandy,D'eathe,63-(395)764-5739,
Joice,Stoakes,33-(574)301-4652,
Elly,Birtonshaw,62-(379)550-2968,
Ewan,Ungerer,63-(254)546-0150,
Leicester,Cruxton,30-(762)391-4850,
Grady,Blazi,351-(885)811-4402,
Rene,Geere,86-(260)315-9793,
Briggs,Hartzog,54-(416)201-2661,
Nannette,Lambrecht,86-(149)664-1012,
Urbanus,Ortelt,86-(151)358-5895,
Ali,Fearnside,380-(565)353-3412,
Colman,Luppitt,54-(251)486-8855,
Thorsten,Mannin,963-(387)277-4427,
Bret,Choke,225-(400)560-3072,
Giles,Vowden,62-(106)802-0533,
Fraser,Tench,371-(159)840-4947,
Lucio,Akam,62-(880)692-1348,
Madlin,Gamlen,86-(330)444-5210,
Rem,Govinlock,234-(549)915-7757,
Cedric,Boeck,62-(582)824-5810,
Tiertza,Tiptaft,55-(929)228-1640,
Theo,Warlton,46-(409)379-1984,
Joseito,Pringuer,86-(416)340-2807,
Caro,Callingham,63-(210)675-7838,
Cally,Bell,55-(575)200-2317,
Hobie,Peerless,502-(342)616-6055,
Kimberley,Jzak,46-(822)322-0548,
Adriena,Wisedale,234-(342)219-6157,
Becki,Vallens,86-(263)449-5518,
Karmen,D'Aguanno,53-(978)288-8573,
Zora,Fifield,55-(746)891-5705,
Calvin,Jenken,62-(784)322-0326,
Lila,MacAndrew,33-(102)293-5082,
Arlan,von Hagt,7-(821)353-3830,
Trixi,Abbott,62-(657)835-7178,
Cyrillus,Yoslowitz,34-(393)548-1204,
Jody,Brennen,226-(449)721-1702,
Sonnie,Maestrini,27-(659)535-4339,
Jacky,Bentje,86-(353)928-3713,
Roma,Paylie,51-(316)645-9082,
Rosana,Yukhnov,1-(360)570-0393,
Marlee,Mebs,86-(781)315-5584,
Marilyn,Passmore,234-(380)608-5495,
Charmian,Benda,55-(757)472-3750,
Dee dee,Strettle,62-(996)122-7665,
Paulie,Ide,255-(642)726-5807,
Napoleon,Oldroyde,356-(877)620-7719,
Malcolm,Toppin,86-(205)855-6354,
Joshia,Sonner,51-(503)999-7761,
Gardner,Betterton,235-(873)328-8471,
Darill,Trosdall,86-(841)450-3441,
Lilllie,Lattimer,81-(319)264-6019,
Mada,Rickaert,994-(577)779-0561,
Jere,Garn,420-(112)491-5797,
Arney,Mila,225-(321)612-1589,
Jobye,Harefoot,62-(496)620-6676,
Pet,Alejo,1-(309)104-9276,
Eartha,Hazeup,86-(472)144-4525,
Chrisse,Kynd,232-(787)783-5091,
Gibby,Carlens,351-(596)915-2344,
Trefor,Olyonov,62-(973)653-8531,
Marta,Hoopper,62-(410)711-7073,
Kahlil,Tussaine,52-(612)272-8970,
Kiley,Whyke,370-(595)767-8795,
Demetris,Sellick,62-(555)997-1311,
Winslow,Vauter,55-(859)345-7412,
Ivan,Postlewhite,81-(691)174-2945,
Evelin,Hasty,7-(432)606-9493,
Maxy,Jurek,30-(980)882-2620,
Dalton,Freddi,86-(954)112-9870,
Haze,Capron,380-(652)484-0812,
Liz,Ryhorovich,7-(772)384-3111,
Gilly,Crisall,63-(236)103-0578,
Alfi,Leaton,505-(971)491-0828,
Hugibert,Gilbertson,33-(551)256-7210,
Shela,Mattioni,30-(459)785-5457,
Borg,Mennithorp,974-(533)293-8478,
Bartholomew,Groveham,86-(711)558-6573,
Jelene,Showt,54-(670)275-9709,
Beltran,Ivanaev,54-(927)695-3242,
Judas,Miettinen,66-(744)904-9611,
Traci,Weyland,52-(542)109-0223,
Lyon,Catterson,62-(361)564-1996,
Selby,Kunkel,7-(252)404-5226,
Tasha,Grichukhanov,268-(418)924-9512,
Norman,Shanks,62-(103)437-8655,
Faulkner,Gliddon,62-(676)502-0130,
Ruthie,Phelps,86-(486)980-1804,
Ediva,Hardwin,48-(758)788-0431,
Berta,Grayshan,86-(842)790-6402,
Baxy,Mc Coughan,63-(762)612-4383,
Aleen,Hazelgreave,86-(671)350-7526,
Bearnard,Stitcher,63-(408)755-7395,
Holly,Stollenhof,357-(577)556-5086,
Joanne,Ecles,62-(350)746-6248,
Wheeler,Lyddiard,46-(573)972-3173,
Hazel,Doddrell,52-(290)389-5222,
Biddy,Donovan,31-(522)307-7652,
Zed,Weyland,55-(390)131-5610,
Tait,Ciccarelli,7-(522)984-0382,
Talya,Smidmor,92-(343)390-3088,
Etienne,McCrainor,62-(157)476-0950,
Martha,Sleet,86-(505)492-7379,
Emalia,Bastide,358-(887)874-8715,
Zaria,Moodey,505-(393)578-6859,
Garik,Leighton,33-(280)499-7952,
Nalani,Frail,7-(710)434-6545,
Audrie,Charnick,236-(805)685-4325,
Coraline,Godbold,7-(298)909-8098,
Enrichetta,Arnout,86-(472)880-9172,
Andrea,Manus,57-(348)720-6683,
Biddie,McRitchie,86-(128)181-4618,
Vladamir,Stanyforth,7-(658)782-4509,
Patric,Desport,55-(197)109-2499,
Melisent,McGowing,994-(670)847-5160,
Kristien,Blaxeland,54-(101)236-1918,
Christian,Johantges,46-(266)778-6708,
Ker,Plumm,62-(923)717-2495,
Garrett,Adkin,27-(317)502-0535,
Cathe,Levison,970-(768)375-2281,
Jaye,Le Marquand,48-(970)152-8550,
Sharline,Basden,81-(355)708-9182,
Otha,Ewart,81-(814)851-4949,
Kilian,Gauchier,63-(375)296-4120,
Tisha,Dearnley,62-(799)217-1218,
Germain,Gwilt,81-(135)866-2759,
Catharina,Gehring,36-(725)813-8101,
Paolina,Vankin,86-(284)381-4577,
Alyda,Easson,216-(877)915-2133,
Mathias,Hague,86-(142)175-0345,
Claretta,Plak,86-(516)952-1784,
Ugo,Cuffe,7-(588)317-4596,
Barbi,Franken,86-(458)758-0752,
Maisey,Tuffley,98-(932)770-2416,
Jenni,Godehard.sf,66-(488)454-3382,
Albie,Baxstair,62-(300)291-4168,
Earvin,Casine,66-(653)975-4919,
Templeton,Vale,62-(715)992-4863,
Corbett,Rankin,55-(684)327-1920,
Arlene,Trenam,86-(366)879-0696,
Kendall,Haslock,86-(315)614-1639,
Denny,Cinderey,7-(830)562-5022,
Rinaldo,Jedrych,54-(273)104-2160,
Reid,Valde,86-(810)664-3378,
Shayne,Lockhart,212-(730)700-7197,
Marie-ann,Greaves,1-(602)882-7141,
Samson,Twidle,1-(785)498-3451,
Orland,Hesse,7-(687)462-3597,
Dante,Grahamslaw,232-(164)510-3950,
Franciskus,Keyme,86-(518)418-9103,
Lothaire,Krollman,1-(614)255-5166,
Quinlan,Bullier,63-(658)631-8352,
Timmie,Taberner,86-(851)128-1260,
Bevan,Dorrell,86-(258)874-9473,
Marietta,Simms,998-(922)299-3166,
Tierney,Larkworthy,62-(393)698-0980,
Chrysler,Fitzpatrick,51-(991)555-5956,
Elroy,Margaret,976-(860)801-7831,
Cyrillus,Hourihan,63-(720)382-8549,
Billie,Richie,236-(898)568-2655,
Lyell,Cliffe,86-(258)100-9165,
Jennilee,Calvard,226-(830)237-8322,
Lesli,Skittles,54-(315)262-2525,
Bill,Dominique,86-(446)974-8598,
Jamal,Yurov,7-(613)950-4453,
Alford,Vasishchev,86-(212)196-1917,
Loydie,Hovey,51-(256)496-9098,
Vivyanne,Poulsom,48-(750)556-6710,
Kiersten,Labbe,967-(305)877-9442,
Phyllys,Blakelock,55-(651)563-8225,
Tony,Tash,46-(266)957-2156,
Hew,Vasyunichev,86-(701)978-8940,
Teddie,Gleeton,86-(964)762-4720,
Carrie,Sollime,86-(139)459-5520,
Beale,Gotmann,86-(673)768-1751,
Ebba,Whewill,86-(721)794-2605,
Temp,Milroy,7-(563)750-8126,
Michelle,Vergine,591-(600)787-9907,
Dorri,Thurner,86-(765)471-6677,
Jere,Barnewille,51-(311)842-4051,
Rab,Moraleda,7-(972)313-4788,
Myrah,Greydon,261-(686)493-2348,
Thibaud,Hadlow,33-(399)749-8339,
Otto,Stitch,86-(733)915-1809,
Biddy,McCorkell,66-(510)172-3184,
Leesa,Simukov,45-(664)700-4880,
Tansy,Trase,54-(445)564-5994,
Nikolos,Hannabuss,86-(704)737-9920,
Valery,Aizlewood,385-(171)435-0966,
Dwight,Logesdale,351-(634)632-8377,
Aila,Anton,86-(927)586-5026,
Judith,Ferron,55-(136)415-6572,
Cary,Aingell,86-(979)101-8353,
Gabriele,Gatchel,234-(483)995-9545,
Nanci,Vandenhoff,62-(562)225-0411,
Mahmud,Eagling,63-(251)609-7511,
Tedda,Patridge,86-(654)517-4898,
Lynnell,Tourville,62-(879)869-5011,
Bret,Opdenorth,81-(743)385-8939,
Dewey,Durante,1-(564)612-7750,
Wildon,Verecker,62-(286)615-1584,
Sinclair,Gianetti,1-(865)488-9651,
Rurik,Warrack,62-(106)607-5081,
Christiane,Cosens,86-(195)498-1129,
Corrina,Reasun,62-(459)906-0770,
Feliza,Kesterton,51-(232)507-4588,
Annora,Swalough,48-(928)406-4891,
Eugine,Allridge,86-(194)188-8159,
Zilvia,Cochet,1-(360)626-2822,
Kordula,Pollitt,84-(976)171-6944,
Judy,Plott,86-(949)875-4247,
Elsi,Tesh,992-(714)422-6466,
Dicky,Herreran,1-(806)499-7920,
Kaila,McNay,63-(830)979-0361,
Cookie,Longfield,33-(570)611-1508,
Mirella,Ties,351-(142)951-5809,
Aarika,Tight,351-(734)187-7885,
Tawsha,Gartsyde,45-(926)798-0589,
Verne,Pawnsford,62-(994)484-8717,
Rafaelia,Fontel,48-(588)677-3607,
Lezlie,Allsobrook,55-(796)812-7660,
Margy,Klimushev,56-(965)335-6471,
Eddy,Kollas,62-(789)528-4699,
Euell,Sarfati,51-(558)957-6884,
Enrico,Pawling,1-(666)541-2864,
Weston,Pledger,675-(720)325-9001,
Evangelina,Kington,86-(381)237-9837,
Kenneth,Penright,55-(595)326-7865,
Dominica,Delves,1-(571)522-8167,
Alanson,Aleksahkin,86-(148)848-7454,
Karrah,Longcake,7-(501)791-9924,
Bartholemy,Andreone,850-(728)373-6277,
Carmel,Soldi,63-(722)716-0826,
Tammie,Signorelli,95-(675)401-0462,
Aura,Sybry,86-(935)274-2303,
Rod,Scamerden,504-(877)998-4566,
Candice,Bernuzzi,48-(273)168-2946,
Rhea,Moorton,507-(746)526-8065,
Tomaso,Peotz,7-(586)446-0145,
Chastity,MacKellen,353-(447)677-3967,
Esther,Phinnessy,234-(946)204-4910,
Sal,Le Barr,7-(305)918-5760,
Horten,Whellans,86-(394)123-1008,
Damara,Dencs,86-(213)698-6496,
Janice,Brearty,976-(713)247-6722,
Artur,Twinbourne,86-(584)460-3970,
Alfie,Stubbin,62-(150)800-3946,
Gretchen,Kernaghan,81-(780)238-3308,
Kittie,Thurston,39-(678)152-1822,
Harris,Makiver,63-(247)825-1694,
Portia,Vurley,86-(310)645-1864,
Talyah,Nott,86-(170)309-2000,
Penrod,Walisiak,20-(971)214-7986,
Orran,Millberg,62-(301)864-6376,
Sonnie,Taplin,48-(296)464-5582,
Dion,Seary,592-(238)819-7685,
Hanni,Burgan,234-(255)605-4227,
Felice,Merwe,63-(418)228-5026,
Raffaello,Kiehne,86-(599)415-1629,
Reena,Clausner,220-(878)360-1740,
Kristy,Laurand,7-(655)325-1515,
Lucilia,Volk,66-(488)504-1753,
Falkner,Goodbar,235-(760)605-0243,
Marcella,Finkle,509-(348)257-6961,
Vyky,Flintoffe,1-(804)309-4300,
Chad,Sibbe,509-(571)774-2883,
Tomasina,Belly,33-(553)541-4439,
Rois,Cheale,63-(480)813-7495,
Lonna,Braunfeld,86-(948)633-5003,
Anabel,Siddaley,63-(122)180-3598,
Sean,Burree,62-(427)482-1342,
Timothee,Duncklee,63-(730)936-6664,
Dyann,Lanchbery,55-(780)147-9683,
Dilan,Kurten,63-(406)848-7168,
Saleem,Sherewood,60-(718)935-6289,
Robby,Parsell,86-(367)273-7458,
Amil,Luetkemeyer,86-(586)713-5049,
Marcia,Bradden,358-(707)964-5122,
Nobe,Yuryaev,962-(267)501-1269,
Romona,Crellin,33-(638)747-4785,
Stormie,Nowakowski,237-(328)957-6332,
Hernando,Mulligan,7-(847)429-8444,
Alvan,Hellcat,389-(595)693-2610,
Agatha,Grimbaldeston,46-(830)842-2252,
Ellwood,Cantrell,389-(445)943-2261,
Emmott,Litchfield,504-(501)991-7103,
Zuzana,Amiss,62-(361)635-1395,
Karen,MacDuffie,57-(653)931-9188,
Arlie,Skittrell,506-(301)898-1037,
Neils,Clash,86-(245)713-2560,
Laurence,Wharfe,86-(209)290-9967,
Wyndham,Banaszczyk,48-(420)138-7236,
Casper,Grestye,86-(937)567-0628,
Livvy,Overington,351-(644)490-0454,
Cayla,Massel,62-(890)850-1860,
Carry,Bryceson,86-(169)278-6544,
Gustave,Weedon,385-(668)421-3044,
Mignonne,Kleinsmuntz,86-(471)703-0014,
Sylvester,Owbrick,359-(815)464-1170,
Brandea,Keddey,86-(543)663-3891,
Rancell,Soppitt,86-(837)317-0983,
Saidee,De Giovanni,86-(155)614-4887,
Ulberto,Rasmus,385-(755)331-4511,
Charin,Adamsen,62-(643)416-4289,
Bartram,Tungate,1-(645)670-8632,
Elsey,Brumpton,506-(960)673-4898,
Demetrius,Govenlock,63-(179)543-2955,
Lotte,Veitch,30-(438)730-7081,
Rozina,Conerding,7-(157)753-6866,
Anabelle,Mustoo,420-(964)812-3511,
Luca,Sooper,51-(799)563-3593,
Shadow,Clacson,86-(823)579-8613,
Ernestus,Goly,48-(320)550-7585,
Harmon,Kaming,63-(866)652-8332,
Damaris,Deakins,54-(969)399-0705,
Tallia,Cottell,52-(925)297-6608,
Phebe,Bortoluzzi,30-(271)707-2279,
Steven,Eversley,53-(147)634-1658,
Brigham,Brockherst,234-(414)547-5716,
Cathyleen,Else,46-(134)966-8815,
Ranice,Sybbe,86-(489)422-1741,
Lorena,Arkle,20-(469)831-6713,
Kahlil,Steuart,880-(392)402-8622,
Zared,Welburn,63-(179)175-0143,
Boycie,Eamer,86-(137)928-2510,
Garner,Boatswain,63-(246)398-0651,
Killie,Paxton,355-(358)343-0065,
Novelia,Strothers,66-(193)226-7723,
Emmerich,Concklin,234-(883)983-5460,
Gunther,Vassar,7-(984)577-4203,
Nance,Kwietek,46-(313)214-6666,
Ame,Spiers,351-(501)587-9338,
Wilmer,Colt,86-(256)561-0956,
Phil,Fairhall,60-(197)145-9673,
Seth,Munden,506-(898)779-8749,
Raimondo,Roscher,269-(445)975-6231,
Latrena,Prate,86-(673)179-8058,
Morris,MacGaughey,86-(950)770-7035,
Chrysler,Treasure,995-(629)854-3156,
Giuditta,Leighton,7-(180)162-7522,
Kerry,Stapford,48-(792)719-7749,
Rozella,Kleine,355-(666)363-8001,
Perrine,Clerke,86-(243)560-4020,
Addison,Reynoollds,57-(248)921-4564,
Kriste,Jakubowsky,62-(618)644-4651,
Audry,Handyside,62-(268)956-8810,
Hermie,Clarke-Williams,49-(911)433-8078,
Harmon,Brabin,55-(539)729-8710,
Toddy,Nertney,46-(211)845-6820,
Faulkner,Yakuntzov,358-(744)204-2803,
Andrea,Brosoli,374-(953)627-8243,
Shaine,Climpson,86-(304)611-3381,
Renae,Paddy,81-(167)378-8054,
Ewan,Urvoy,63-(122)395-2182,
Orran,Riddles,7-(960)587-9509,
Sella,Edis,62-(352)907-4052,
Marline,Domke,7-(835)925-9616,
Frederich,Adelsberg,57-(446)874-5270,
Albertine,Dener,86-(704)834-6361,
Deeyn,Villar,86-(880)872-1053,
Kip,Pollastrino,62-(384)745-4110,
Livvy,Delany,86-(908)410-4320,
Sergei,Waberer,62-(481)456-1246,
Willie,Assiter,375-(750)199-7831,
Lynna,Beautyman,86-(406)252-5138,
Francine,Fonte,62-(220)753-3631,
Viviana,Staning,358-(588)457-4652,
Valentine,Lockyer,62-(223)456-4587,
Horten,Burgott,236-(676)214-0529,
Byran,Rawkesby,86-(601)872-9692,
Elvina,McCole,20-(412)686-6843,
Marje,Tristram,63-(781)431-7465,
Findley,Hearns,86-(346)690-6949,
Gilli,Putland,253-(595)800-8521,
Pierre,Lasslett,62-(771)697-0329,
Arthur,Scamaden,62-(854)864-4787,
Adeline,Cutbirth,850-(183)927-5621,
Chaunce,Khristyukhin,93-(494)695-3354,
Harriett,McIlveen,7-(420)382-7760,
Nickey,Todari,86-(168)419-8145,
Stanislaus,Tompkins,963-(963)682-9163,
Nani,Dellenbrok,58-(722)555-7974,
Izaak,Attoe,62-(287)938-4323,
Starr,Carmel,81-(654)554-3379,
Merl,Wolpert,55-(931)240-0312,
Scotty,Featenby,242-(480)536-6600,
Stearn,Gumm,62-(876)241-3203,
Geno,Lidierth,55-(671)115-3782,
Minta,Valencia,86-(637)567-6935,
Cecilius,Vertey,7-(448)423-7481,
Ximenez,Torel,48-(433)337-6293,
Luciano,Trillow,86-(965)988-3185,
Juieta,McGawn,51-(659)280-2943,
Myriam,Byrd,7-(965)801-7532,
Zoe,Porcher,375-(601)425-6788,
Ingunna,Soreau,58-(353)405-6946,
Vin,Winch,7-(400)630-8926,
Carey,Lemmers,62-(510)972-7163,
August,Crowther,351-(790)529-3552,
Laurie,Cokayne,63-(184)987-3586,
Cheri,Darte,57-(722)596-4891,
Bowie,Leitche,351-(274)788-7121,
Sib,Rennox,62-(255)241-1890,
Nonna,Ugoletti,86-(348)999-0798,
Jeniece,Boxe,86-(786)240-1421,
Priscella,Cattemull,62-(643)626-8342,
Edlin,Comford,86-(152)366-3944,
Misha,Pagett,86-(944)738-6957,
Alla,Bilbery,63-(600)681-9893,
Jania,McFetridge,1-(719)461-2121,
Sammy,Willison,1-(584)212-4695,
Aura,Taleworth,86-(971)572-5340,
Randolph,Selcraig,86-(779)630-1822,
Zoe,Ringe,244-(289)974-5635,
Cole,Sparway,62-(430)211-8987,
Bridie,Stapels,380-(980)151-3221,
Sidonia,Sneaker,48-(454)718-0034,
Erinn,Robyns,970-(622)949-6331,
Kristine,Pau,504-(849)455-3774,
Ginny,Whitley,46-(985)246-9280,
Courtnay,Goodyear,48-(124)650-3949,
Anthia,Henstridge,234-(534)518-1420,
Ernest,Sherebrook,57-(157)552-7772,
Randolf,Jozef,48-(330)132-1672,
Mill,Joule,30-(999)122-3364,
Erinn,Scase,351-(161)361-4597,
Thorndike,Gallihawk,86-(443)205-1578,
Tessy,Bent,261-(765)746-3790,
Levon,Brownscombe,51-(221)466-9576,
Cristiano,Dominey,81-(241)740-6392,
Mal,Hawlgarth,355-(143)710-5041,
Aloysia,Esson,52-(696)928-8493,
Roxanna,Dresser,81-(596)248-1703,
Errol,Dairton,55-(697)130-4945,
Gus,Stendall,33-(759)383-4996,
Jon,Bartelot,62-(390)506-1548,
Ira,Syrad,60-(412)279-5814,
Tana,Sherwell,670-(110)683-2902,
Tedra,Vargas,1-(818)800-3481,
Waiter,Vasser,967-(502)679-9027,
Anton,Flindall,63-(208)558-5953,
Tonya,Rough,62-(633)599-7202,
Cinda,Monkhouse,960-(188)364-9644,
Augustina,Abbison,86-(626)625-3791,
Iosep,Gilman,20-(822)813-4029,
Isis,Trowl,54-(243)292-8625,
Shoshanna,Grindell,992-(832)242-2577,
Moss,Jenkin,63-(775)548-8696,
Zorine,Hickeringill,81-(913)159-3736,
Emelia,Shillan,30-(769)472-3588,
Rickie,Hounihan,7-(188)814-6463,
Victoir,Morena,7-(537)751-7298,
Syman,Glavin,351-(661)222-0910,
Manny,Risen,63-(327)300-8472,
Care,Rodd,62-(868)213-1162,
Guntar,Cabell,86-(875)681-7752,
Adrienne,Wanjek,86-(355)777-7225,
Barclay,Cussen,86-(791)105-1784,
Vaughan,Bediss,63-(522)484-5345,
Norean,Rimell,373-(341)404-2880,
Garey,Moden,57-(219)186-9400,
Garwin,Habgood,51-(838)519-9634,
Aldon,Abatelli,86-(174)472-1521,
Pavlov,Fern,86-(122)190-8165,
Bernete,Sobtka,86-(636)488-6252,
Donica,Philipps,54-(595)720-7314,
Isaak,Duligall,51-(825)973-8280,
Farly,Everett,84-(350)772-3795,
Hymie,Jeremaes,62-(742)539-9696,
Colline,Lindman,33-(999)300-9279,
Elly,Cearley,351-(132)355-8514,
Horace,Fawcett,20-(530)145-0386,
Tore,Legerwood,52-(538)350-3864,
Odelinda,Rippingale,62-(194)154-6148,
Dale,Lewty,48-(404)873-5111,
Dorrie,Simonini,351-(536)524-0000,
Vernor,Taffe,86-(156)532-3856,
Pippa,Trevenu,62-(121)814-0344,
Brittani,Matyas,98-(956)828-8134,
Wileen,Olland,86-(438)600-2059,
Jaquith,De Andreis,1-(772)369-3049,
Selene,Massey,66-(580)176-7597,
Elenore,Russe,262-(878)834-2975,
Rahel,Barzen,351-(334)754-3924,
Ramsey,Fealty,86-(730)989-3300,
Giffy,Bunston,255-(995)579-0617,
Sada,Hinken,46-(805)534-3223,
Kenneth,Kilbane,234-(508)440-8726,
Pegeen,Duffield,420-(968)503-8108,
Jemima,Brosch,86-(209)793-0369,
Lauren,Raspel,351-(237)970-6742,
Elinore,Sayle,380-(507)764-5728,
Hillel,Palethorpe,62-(752)729-9534,
Ashley,Ruzek,7-(258)362-6317,
Neille,Dullingham,672-(192)741-8646,
Rani,Lunnon,63-(604)322-6341,
Natal,Corhard,7-(338)951-5044,
Nedi,Kubica,30-(780)214-5468,
Grace,Edworthye,86-(220)932-6643,
Tonia,Twallin,54-(881)117-9646,
Sophronia,Obey,7-(822)434-4296,
Liana,Reyna,55-(348)649-6448,
Tuckie,Ferrara,66-(234)268-9493,
Friedrick,Wardley,86-(955)212-5493,
Zebulen,Berzon,55-(702)515-2709,
Mandie,Mannion,7-(709)902-4599,
Emmy,Surgison,86-(202)603-7246,
Dom,Ewdale,1-(127)309-4689,
Shell,Lammiman,93-(571)675-6435,
Teddie,Birth,43-(683)242-4118,
Killie,Bontein,55-(865)688-8686,
Cleo,Wildish,355-(349)248-6474,
Vanessa,Bleier,86-(214)956-0130,
Larissa,Pittendreigh,33-(503)640-3582,
Blake,Hawkeswood,98-(591)297-2236,
Aridatha,Meaking,62-(510)796-8805,
Spence,Winthrop,7-(739)230-7295,
Robers,Maffucci,48-(936)801-2037,
Elset,Kitchener,86-(931)938-7343,
Maye,Gosker,48-(620)975-8770,
Deeyn,Findon,86-(535)216-6249,
Willdon,Caroli,52-(465)546-8114,
Amity,Gartin,994-(205)990-4434,
Lutero,Yaneev,48-(151)184-3609,
Ban,Oakhill,63-(171)932-9805,
Lesley,Schwandermann,591-(761)523-0305,
Willy,Cottingham,223-(294)463-3055,
Cathryn,Hateley,86-(401)327-5557,
Frasier,Bonn,49-(399)722-8707,
Ag,Erangey,48-(682)729-5701,
Hazel,Havelin,7-(460)133-8012,
Billie,Andreacci,55-(803)534-9741,
Paddy,Colten,98-(513)933-9000,
Felic,Osselton,62-(892)629-5515,
Nanette,Kett,86-(860)300-2860,
Teresa,Spittall,976-(275)508-4629,
Sonnie,Baddoe,46-(485)295-4374,
Giffer,Ablewhite,359-(999)679-7587,
Roseline,Kuhndel,86-(626)577-5197,
Stephen,Scolland,1-(203)339-2530,
Lynne,Spellacey,62-(877)362-8205,
Kimmi,Leverage,86-(164)248-5134,
Waring,Kubista,7-(641)180-4154,
Joete,Portchmouth,86-(876)105-5880,
Georgiana,Lyptratt,86-(118)308-1421,
Ford,Giovanni,86-(298)302-7451,
Terrance,Jovovic,86-(889)114-3814,
Ollie,Hantusch,86-(269)661-9144,
Elmira,Willox,86-(313)475-1018,
Grange,Marxsen,33-(887)655-5189,
Roy,McGovern,502-(604)279-5842,
Wendi,Brackley,62-(893)184-2354,
Julissa,Karpenya,66-(789)338-7452,
Allyn,Nesfield,46-(461)459-0945,
Olia,De Biaggi,506-(104)290-5566,
Bryce,Forsaith,54-(365)601-8368,
Abran,McCowan,46-(770)643-9599,
Monica,Pearlman,62-(479)521-9769,
Valentine,Eilhersen,503-(919)785-8372,
Emily,McCrum,1-(202)397-5409,
Paulie,Sutcliffe,86-(339)152-9030,
Ursula,Passby,86-(899)207-7822,
Jada,Andrioni,63-(247)458-0802,
Nils,Spohrmann,30-(182)592-3785,
Dotty,Quodling,51-(669)115-1927,
Cordie,Nequest,54-(204)278-5859,
Ingelbert,Ashworth,380-(613)637-7107,
Drucill,Nears,251-(814)364-9382,
Abie,Blackmoor,62-(516)207-4141,
Izzy,Prover,351-(499)354-3382,
Martynne,Hathway,46-(113)244-9379,
Deedee,Kissell,86-(526)338-6519,
Kinsley,Wisher,62-(699)975-6811,
Vidovic,Mapletoft,7-(548)258-0420,
Jemimah,Caroli,46-(270)825-6458,
Becca,Roseborough,7-(838)108-1162,
Violetta,Zute,60-(495)443-1815,
Shane,Penhallurick,358-(749)341-6472,
Cary,Kinsman,63-(625)110-4346,
Pat,Priddis,234-(794)231-6389,
Bernita,Lebarree,86-(955)402-1215,
Olivia,Humble,46-(121)184-9812,
Sterling,Allsopp,1-(331)977-0220,
Dierdre,Cominello,1-(270)112-2959,
Ella,Paramore,55-(442)975-3986,
Marty,Darrington,30-(360)423-4091,
Paulie,Walaron,46-(919)675-4842,
Tabatha,Galero,256-(964)581-1581,
Koralle,Manifold,86-(228)780-9732,
Stavros,Hargitt,86-(439)694-8968,
Griffith,Retallack,58-(731)377-3032,
Dietrich,Capsey,49-(763)331-0422,
Pavlov,Syratt,86-(657)614-7244,
Gretna,Brisbane,86-(219)758-5242,
Trisha,Jervois,92-(173)547-0992,
Victoir,Troman,63-(859)447-7648,
Leoine,Cunio,48-(784)919-0806,
Gamaliel,Marsland,269-(625)752-3943,
Wright,Cromblehome,86-(556)400-2714,
Wayland,MacDonald,86-(310)694-6886,
Tyler,Feronet,7-(459)233-0994,
Allyn,Roset,358-(551)946-0364,
Davida,Cosbey,86-(992)726-0174,
Valaria,Schachter,58-(552)770-5066,
Aeriell,Jakel,86-(672)667-3213,
Cece,Aleksankov,351-(813)114-5306,
Gregoor,Studart,7-(477)490-9455,
Adah,Turbefield,62-(323)998-3695,
Beaufort,Hovenden,86-(753)546-6441,
Eleni,Danis,55-(641)727-4358,
Mathian,Morson,81-(471)846-2192,
Isahella,McConaghy,1-(620)823-2814,
Matteo,Astill,63-(338)435-0418,
Granger,O'Carran,7-(562)478-3872,
Ara,Rudeforth,46-(476)354-2002,
Sib,Deluca,84-(974)504-2160,
Ethel,Peinton,86-(205)975-9762,
Mahalia,Medd,46-(918)529-2474,
Dulcy,Angus,62-(176)671-7223,
Lemmie,Elliot,86-(420)306-1572,
Brinna,Cheake,62-(460)274-2639,
Odette,Harbard,86-(814)537-0321,
Matty,Maylin,86-(699)856-5561,
Trude,Kerans,7-(512)300-5830,
Trista,Gowanson,216-(798)223-2488,
Daria,Crush,375-(515)768-1688,
Weylin,Haglinton,60-(130)299-5541,
Lea,Cesconi,502-(800)987-9497,
Orella,Grahlman,48-(818)444-8129,
Evangelia,Riseley,27-(849)214-4413,
Calida,Hawkey,48-(429)927-0509,
Teddi,Ivimey,386-(961)156-2644,
Larissa,Petrie,963-(220)575-9508,
Jessalin,Tennet,57-(444)496-6754,
Odie,Rabley,47-(995)589-5370,
Alyson,Leyson,55-(861)980-1709,
Erich,Leiden,86-(486)206-4698,
Elisabeth,Logg,591-(645)581-9781,
Boycie,Hadwin,86-(859)459-2550,
Winthrop,Wearing,255-(230)285-9295,
Bridget,Bowich,62-(410)799-3549,
Gert,Foynes,92-(255)947-8148,
Shep,Greenshields,86-(271)274-5903,
Helge,Downie,63-(417)117-2286,
Corinna,Oki,39-(181)586-9664,
Felike,Tuffrey,55-(352)390-3450,
Jinny,Dwyer,506-(965)970-9544,
Sheelah,Patterson,63-(166)848-5479,
Willette,Quinnell,34-(243)531-1503,
Correna,Rawstorne,63-(100)569-3113,
Amalle,Radwell,55-(525)274-0886,
Celie,Brevitt,852-(451)197-6239,
Merv,Alam,976-(358)479-5300,
Guss,Winser,46-(454)600-9725,
Chris,Trafford,502-(277)420-4895,
Beauregard,Findlater,261-(340)457-0078,
Vince,Guittet,86-(201)283-9850,
Ursola,Cleverley,30-(257)492-4074,
Stacy,Batcock,27-(857)819-6950,
Hollie,Chidgey,86-(538)773-9330,
Arch,Bluett,377-(916)782-6960,
Jenine,Biggam,60-(791)981-6957,
Hillyer,Fowler,55-(825)268-4615,
Candida,Pirson,92-(315)326-2179,
Claiborne,Siegertsz,66-(459)469-4773,
Edlin,Dowell,86-(390)180-1092,
Boigie,Stilliard,86-(234)305-2773,
Pinchas,Tulleth,48-(847)619-3156,
Gilberto,Hammerberger,968-(277)857-6419,
Christabel,Ratledge,353-(822)874-2527,
Abby,Vergine,51-(803)390-2167,
Franzen,Crocker,380-(769)266-0494,
Cora,de Wilde,86-(843)863-4691,
Sandy,Giacovazzo,86-(819)894-5319,
Kylila,Worsalls,591-(260)984-1372,
Brunhilda,Umpleby,60-(467)137-8484,
Antonie,Lotterington,1-(602)670-0589,
Jenelle,Poore,66-(771)875-6804,
Selene,Outhwaite,351-(532)955-2330,
Joelynn,Dunkerk,62-(641)631-7600,
Myrtle,Pridgeon,7-(374)295-1093,
Chiarra,Phittiplace,1-(529)937-7050,
Arlene,Keslake,7-(220)496-3060,
Duffy,Dmitrievski,380-(737)437-5880,
Moises,Domoni,62-(946)465-5290,
Henri,Allonby,51-(879)130-5858,
Cecil,Mackley,420-(162)348-9069,
Vivianna,Lightwing,351-(375)195-6707,
Gerhardine,Blincoe,63-(739)774-6235,
Darice,Danzey,62-(535)426-3934,
Katya,Salerno,55-(799)229-3417,
Natalee,Thain,503-(381)234-1839,
Stepha,MacKee,63-(344)484-2875,
Rasia,Rosi,7-(637)963-7380,
Humberto,Wylder,63-(196)813-2302,
Anders,Clendening,62-(941)593-9886,
Iorgo,Othick,33-(867)187-8368,
Gypsy,Liell,54-(616)282-3117,
Morse,Plascott,86-(760)725-5274,
Harriot,Rouzet,33-(392)191-8743,
L,urette,Chasney,226-(341)729-2231
Michele,Corkett,7-(855)417-6593,
Vitia,Greydon,212-(532)268-4921,
Sula,Petyakov,86-(363)212-1398,
Ondrea,Eschalotte,55-(189)848-3853,
Mia,Bernardi,86-(468)828-8153,
Ellissa,Doblin,7-(360)913-3842,
Krissie,Boc,84-(293)724-9531,
Madelle,Durak,62-(431)373-8947,
Waldon,Dulanty,62-(411)267-7832,
Aile,Culleford,385-(294)211-6357,
Victor,Ludlow,1-(268)241-7828,
Walden,Marc,33-(270)266-3159,
Lowrance,Szubert,86-(625)931-9883,
Emmye,Speak,62-(278)918-1925,
Ely,Marflitt,355-(610)251-5158,
Estell,Caldow,33-(917)862-6929,
Hobard,Altamirano,55-(429)522-6867,
Nickolai,Davage,55-(362)866-7985,
Celestina,Gooderidge,1-(719)707-1103,
Lotte,Olenchenko,372-(262)545-5490,
Hank,Aicheson,62-(355)383-6370,
Mariquilla,Kingsnoad,86-(951)937-9572,
Moishe,Dell Casa,63-(554)632-2895,
Towney,Argue,92-(214)864-1920,
Ninette,Otto,1-(520)603-3027,
Bobbee,Defond,86-(866)869-8784,
Ofelia,Celiz,261-(408)794-1128,
Haroun,Codrington,92-(431)622-1324,
Cherin,Tyres,86-(861)494-8891,
Morgen,Wrankmore,33-(765)699-8370,
Geneva,Ricards,86-(256)477-9585,
Rosaline,Kettley,57-(895)270-3626,
Orly,Gatehouse,33-(163)813-6903,
Natassia,Culter,62-(259)374-7741,
Yorgos,Tolworthie,998-(931)295-3729,
Valencia,Kiwitz,62-(765)357-0774,
Feliza,Grubbe,998-(197)967-0248,
Goldy,Enston,52-(612)645-7226,
Oberon,Giottini,86-(703)125-3121,
Town,Pohls,81-(130)184-1638,
Penni,Sponer,593-(177)261-1783,
Chuck,Doddemeede,62-(728)583-2156,
Cornell,Chatband,1-(480)920-7569,
Murdoch,Sieghart,55-(141)568-5975,
Isis,Ianelli,62-(750)827-5995,
Bernadette,Pietrzyk,970-(167)152-9470,
Nixie,Sollett,63-(319)703-4621,
Heall,Willstrop,351-(450)880-2017,
Ann-marie,Gisburne,55-(843)200-9283,
Hilary,Pes,86-(306)845-0211,
Quinn,Pickard,387-(329)588-9186,
Nelli,Postill,86-(853)720-2510,
Doe,Nashe,353-(431)430-8444,
Charlotta,Blackford,62-(491)342-2961,
Kylynn,Jellman,1-(345)412-8597,
Myron,Adlington,48-(296)804-0374,
Crawford,Rubinek,86-(381)541-1140,
Everard,Wehner,86-(109)450-7387,
Christen,Foli,595-(134)336-4720,
Levy,Helleker,51-(489)965-4969,
Fae,Tomlinson,55-(763)828-2018,
Davina,Baxill,86-(825)481-0475,
Neil,Wimmer,46-(916)167-6927,
Sanson,Trippick,86-(727)326-2565,
Silvio,Stanaway,502-(700)661-4496,
Jan,Beeswing,86-(933)550-6212,
Chrystal,Sargant,1-(304)220-4260,
Jake,Clines,387-(108)567-1829,
Filbert,Ionesco,244-(728)993-5214,
Ibby,Bailey,687-(308)912-6945,
Nollie,Bernucci,63-(374)159-9985,
Conrade,Wareing,62-(573)267-9577,
Tadeo,Mithan,58-(433)911-7257,
Anna,Buttriss,33-(232)440-1994,
Kirby,O'Lehane,7-(282)481-9418,
Linn,Gerrelts,86-(557)509-7603,
Francis,Byres,66-(174)903-8851,
Hale,Batchelor,86-(347)361-0728,
Artur,Keene,86-(506)698-9127,
Haley,Stubbs,7-(480)538-1205,
Devina,Yann,254-(820)742-8079,
Kerby,Guiver,48-(790)198-2623,
Killie,Orgee,62-(888)182-4010,
Conny,Schoenfisch,230-(918)818-2011,
Mauricio,Hurran,66-(701)443-5560,
Tamma,Lapping,86-(634)175-8091,
Celisse,Yurkov,84-(822)106-9712,
Elnore,Harbertson,351-(919)255-1093,
Bartram,Rau,976-(229)256-6454,
Napoleon,McCallum,86-(863)504-0890,
Jodee,Asty,86-(803)160-0063,
Conn,Hartright,63-(604)195-5236,
Bartolomeo,Hammel,7-(520)408-5004,
Waylin,Maisey,7-(316)523-8971,
Vidovik,McLae,63-(362)836-2297,
Evangelia,Brixham,222-(215)927-2175,
Eolanda,Melliard,86-(712)773-3811,
Field,Shetliff,86-(736)785-8799,
Farlie,Pairpoint,33-(913)712-5671,
Meghann,Bowland,48-(636)681-0517,
Dorry,Josey,420-(711)337-2258,
Dniren,Jurczak,84-(255)868-8820,
Smith,Costigan,62-(787)385-2679,
Celinda,Lascell,86-(195)922-9614,
Yulma,Tilburn,46-(259)463-9769,
Tobie,Knight,7-(637)994-9967,
Torre,Cammock,51-(220)460-1862,
Fleur,Oxenbury,63-(133)561-4078,
Griffith,Sach,994-(771)645-1627,
Roselia,Sidey,255-(223)313-1522,
Padget,O'Hagirtie,86-(410)203-0456,
Conrade,Jahn,55-(590)476-5823,
Morena,Scougall,66-(434)630-2733,
Sasha,Lobley,31-(520)389-7327,
Fidel,Edgeon,54-(836)498-4898,
Christalle,Scotchmore,380-(136)869-3765,
Christy,Rickardsson,27-(768)682-7707,
Augustin,Cortez,86-(826)781-6716,
Henriette,Hollingdale,251-(890)119-0725,
Evvie,Gittus,48-(772)425-6976,
Koressa,Giacomucci,970-(306)756-2963,
Piotr,Ende,58-(428)143-1054,
Jenna,Lumbley,1-(336)589-8623,
Amalie,Issatt,86-(235)351-3391,
Pamella,Bolt,58-(257)425-8104,
Sayre,De Freitas,86-(867)758-1946,
Becka,Riply,33-(839)463-9150,
Danny,Orrobin,46-(756)972-9413,
Augustus,Ebdin,7-(888)298-9005,
Lorant,Warwick,976-(148)963-2047,
Jacques,Artiss,1-(202)835-2266,
Dirk,Le Bosse,86-(705)630-6960,
Peggy,Adess,86-(982)167-6881,
Ange,Gwyer,27-(944)785-6989,
Daffi,Tuft,63-(148)535-8458,
Levey,Langfield,20-(172)768-9196,
Florenza,Gawler,692-(199)895-0514,
Frankie,Dudenie,55-(121)649-6715,
Muriel,Gingell,48-(743)975-1579,
Davon,Esselen,261-(955)311-2391,
Onfre,Erridge,53-(847)491-1395,
Ralf,Layson,970-(182)439-5962,
Cortie,Stuther,255-(392)483-4218,
Charlena,Abethell,51-(645)370-7318,
Hollyanne,Kristufek,249-(815)112-6208,
Arty,Whitcomb,51-(626)779-1236,
Inesita,Chesterfield,62-(206)840-7756,
Cicily,Cunniff,63-(646)556-7140,
Patience,Primett,62-(719)482-7686,
Elva,Tirone,63-(512)756-9687,
Jessa,Gillison,33-(469)660-9733,
Yetta,Bodley,62-(738)859-2666,
Phillipe,McAllister,503-(813)399-9489,
Trula,McCowan,7-(401)728-1118,
Micaela,Hassey,62-(142)234-9705,
Nolly,Shepland,62-(760)490-2252,
Millie,Fordyce,7-(799)114-3992,
Kelcy,Wadham,55-(715)919-6496,
Julita,Brent,381-(265)947-3544,
Shay,Ilive,1-(616)617-3395,
Timothee,Henbury,351-(218)781-5007,
Mallory,Espasa,977-(972)627-9094,
Kamillah,Starrs,264-(322)967-8254,
Ugo,De Blasiis,20-(797)920-7352,
Susie,Fahey,55-(174)444-4356,
Bobine,Pethick,356-(542)294-5427,
Danita,Clines,992-(259)584-4000,
Cleon,Coare,62-(520)332-5419,
Mimi,Dukelow,351-(835)728-7433,
Mortie,Littefair,92-(904)918-3550,
Lydon,Heys,358-(578)180-7823,
Tomlin,Pevsner,54-(693)623-8794,
Filmer,Muggach,351-(208)492-9970,
Gretchen,Farenden,46-(267)916-3617,
Jordon,Hamblin,48-(711)427-4570,
Rik,Lorkins,7-(705)527-5599,
Isabel,Sparling,56-(783)838-1388,
Gradeigh,Vayne,66-(902)456-5265,
Morgan,Williamson,54-(420)956-4779,
Trefor,Morston,62-(888)636-7674,
Gaby,Hathorn,380-(390)130-0018,
Valaree,Halstead,7-(995)240-2737,
Aldon,Roark,86-(793)195-9078,
Rosie,Sunner,7-(815)462-5847,
Saree,Hercules,351-(163)145-9145,
Tiena,Hazelden,55-(935)153-7399,
Dennie,Peet,62-(990)311-5361,
Diana,Ellerker,1-(559)878-3147,
Mandi,Bickardike,420-(991)180-1859,
Maximilianus,Instrell,86-(739)796-6133,
Madlen,Becker,1-(559)441-2238,
Christoforo,Kensitt,967-(949)812-2634,
Justinn,Hamerton,86-(251)317-7332,
Shane,Dumbelton,86-(693)180-9382,
Kamillah,Pautard,1-(257)857-6553,
Wylie,Folk,66-(404)982-6488,
Britney,Sabatier,62-(675)533-6910,
Sofia,Rimbault,970-(697)785-4591,
Parnell,Vaen,380-(997)249-9971,
Rhoda,Anney,63-(933)504-1099,
Livy,Dowley,420-(601)388-2701,
Amandie,Dyett,31-(971)111-8053,
Vilma,Batsford,81-(535)111-0133,
